# Created by Octave 6.1.0, Mon Feb 01 09:41:36 2021 CET <aleksandriakimchuk@EMB-D3MFMD6M>
# name: v
# type: matrix
# rows: 2
# columns: 1
 399
 3229


